Camera20
732.9952  0.0       320.0
  0.0     732.9952  240.0
  0.0     0.0       1.0
0.0
0.0
1.0  0.0  0.0 0.08
0.0  1.0  0.0  0.0
0.0  0.0  1.0  0.0

Camera21
732.9952  0.0       320.0
  0.0     732.9952  240.0
  0.0     0.0       1.0
0.0
0.0
1.0  0.0  0.0 0.04
0.0  1.0  0.0  0.0
0.0  0.0  1.0  0.0

Camera22
732.9952  0.0       320.0
  0.0     732.9952  240.0
  0.0     0.0       1.0
0.0
0.0
1.0  0.0  0.0  0.0
0.0  1.0  0.0  0.0
0.0  0.0  1.0  0.0


Camera23
732.9952  0.0       320.0
  0.0     732.9952  240.0
  0.0     0.0       1.0
0.0
0.0
1.0  0.0  0.0 -0.04
0.0  1.0  0.0  0.0
0.0  0.0  1.0  0.0

Camera24
732.9952  0.0       320.0
  0.0     732.9952  240.0
  0.0     0.0       1.0
0.0
0.0
1.0  0.0  0.0 -0.08
0.0  1.0  0.0  0.0
0.0  0.0  1.0  0.0
